
[0.25, 48, 120]       [0, 0, 0]
[0.25, 48, 120]       [48, 0, 0]
[0.25, 48, 120]       [96, 0, 0]
[0.25, 48, 120]       [144, 0, 0]
[0.75, 48, 120]       [0, 0, 0]
[0.75, 48, 120]       [48, 0, 0]
[0.75, 48, 120]       [96, 0, 0]
[0.75, 48, 120]       [144, 0, 0]

:2x4:
192
87.5
144
87.5
144
87.5
87.5
144
87.5
87.5
144
87.5
144
87.5
144
87.5
144
87.5
144
82
82
56.5
56.5
144
192
185
192
87.5
144
74
74
28.5
28.5
28.5
74
24
8
64.5
8
8
144
87.5
87.5
144
87.5
144
87.5
144
87.5
144
87.5
144
87.5
87.5
144
74
28.5
28.5
28.5
74
74
24
8
8
64.5
8
144
87.5
192
185
113
144
144
144
144
144
74
28.5
28.5
28.5
74
74
24
64.5
144
144
144
113
144
113
144
144
87.5
144
144
74
28.5
28.5
28.5
74
74
24
64.5
144
144
144
113
156
156
24
24
24
24
24
24
24
24
24
24
24
24
24
120
7.12868
23.1287
32
29.5
10.5
10.5
10.5
29.5
23.1287
7.12868
120
7.12868
23.1287
32
29.5
10.5
10.5
10.5
29.5
23.1287
7.12868

:2x8:
120
117
114
114
114
114
114
114
114
114
114
114
114
114
114
114
117
120
189
186
186
189
120
120
120
120
120
120
120
120
120
120
120
120
120
76.75
45.75
76.75
76.75
54
54
54
54
54

:4x6:
21.0037
21.0037
144
144
144
82
144
30.5
30.5
30.5
30.5
46.5
109
109

:6x6:
192
192

ridgeboard
[0.75, 7.25, 216]       [-12, 59.625, 54.0037]



bed
[0.75, 3.5, 75]       [4.5, 4.5, 7.25]
[0.75, 3.5, 75]       [4.5, 8.70833, 7.25]
[0.75, 3.5, 75]       [4.5, 12.9167, 7.25]
[0.75, 3.5, 75]       [4.5, 17.125, 7.25]
[0.75, 3.5, 75]       [4.5, 21.3333, 7.25]
[0.75, 3.5, 75]       [4.5, 25.5417, 7.25]
[0.75, 3.5, 75]       [4.5, 29.75, 7.25]
[0.75, 3.5, 75]       [4.5, 33.9583, 7.25]
[0.75, 3.5, 75]       [4.5, 38.1667, 7.25]
[0.75, 3.5, 75]       [4.5, 42.375, 7.25]
[0.75, 3.5, 75]       [4.5, 46.5833, 7.25]
[0.75, 3.5, 75]       [4.5, 50.7917, 7.25]
[0.75, 3.5, 75]       [4.5, 55, 7.25]
[0.75, 5.5, 75]       [4.5, 3.75, 1]
mattress
[8, 54, 75]       [4.5, 4.5, 8]


"braceplate"
[[0, 56.125, 56.125]       [0, 56.125, 54.0037]       [0, 2.12132, 0]       [0, 0, 0]       [3.5, 56.125, 56.125]       [3.5, 56.125, 54.0037]       [3.5, 2.12132, 0]       [3.5, 0, 0]]
[[0, 1, 2, 3]       [4, 5, 6, 7]       [0, 4, 7, 3]       [1, 5, 6, 2]       [0, 4, 5, 1]       [2, 6, 7, 3]]
[0, 3.5, 0]
"braceplate"
[[0, 56.125, 56.125]       [0, 56.125, 54.0037]       [0, 2.12132, 0]       [0, 0, 0]       [3.5, 56.125, 56.125]       [3.5, 56.125, 54.0037]       [3.5, 2.12132, 0]       [3.5, 0, 0]]
[[0, 1, 2, 3]       [4, 5, 6, 7]       [0, 4, 7, 3]       [1, 5, 6, 2]       [0, 4, 5, 1]       [2, 6, 7, 3]]
[0, 3.5, 0]
"header"
[[0, 81.3787, 33]       [0, 38.6213, 33]       [0, 35.1213, 29.5]       [0, 84.8787, 29.5]       [3.5, 81.3787, 33]       [3.5, 38.6213, 33]       [3.5, 35.1213, 29.5]       [3.5, 84.8787, 29.5]]
[[0, 1, 2, 3]       [4, 5, 6, 7]       [0, 4, 7, 3]       [1, 5, 6, 2]       [0, 4, 5, 1]       [2, 6, 7, 3]]
[0, 0, 0]


"braceplate"
[[0, 56.125, 56.125]       [0, 56.125, 54.0037]       [0, 2.12132, 0]       [0, 0, 0]       [3.5, 56.125, 56.125]       [3.5, 56.125, 54.0037]       [3.5, 2.12132, 0]       [3.5, 0, 0]]
[[0, 1, 2, 3]       [4, 5, 6, 7]       [0, 4, 7, 3]       [1, 5, 6, 2]       [0, 4, 5, 1]       [2, 6, 7, 3]]
[0, 3.5, 0]
"braceplate"
[[0, 56.125, 56.125]       [0, 56.125, 54.0037]       [0, 2.12132, 0]       [0, 0, 0]       [3.5, 56.125, 56.125]       [3.5, 56.125, 54.0037]       [3.5, 2.12132, 0]       [3.5, 0, 0]]
[[0, 1, 2, 3]       [4, 5, 6, 7]       [0, 4, 7, 3]       [1, 5, 6, 2]       [0, 4, 5, 1]       [2, 6, 7, 3]]
[0, 3.5, 0]
"header"
[[0, 81.3787, 33]       [0, 38.6213, 33]       [0, 35.1213, 29.5]       [0, 84.8787, 29.5]       [3.5, 81.3787, 33]       [3.5, 38.6213, 33]       [3.5, 35.1213, 29.5]       [3.5, 84.8787, 29.5]]
[[0, 1, 2, 3]       [4, 5, 6, 7]       [0, 4, 7, 3]       [1, 5, 6, 2]       [0, 4, 5, 1]       [2, 6, 7, 3]]
[0, 0, 0]




"lower floor space: 188.5 by 116.5"
"port size : 44.25 by 41.75"
"lowerfloorarea : 21960.3 in2, or 152.502 ft2"
"upperfloorarea : 20112.8 in2, or 139.672 ft2"
"totalfloorarea : 42073.1 in2, or 292.174 ft2"
"lowerheadroom : 89 in, or 7.41667 ft"
"floorthicknes : 1 in"
"upperwallheight : 48.25 in, or 4.02083 ft"
"upperheadroom : 106.5 in, or 8.875 ft"
"totalintwallarea : 87009.6 in2, or 604.234 ft2"
"totalsidingarea : 89439.5 in2, or 621.108 ft2"
"totalroofarea : 0 in2, or 0 ft2"
Compiling design (CSG Products generation)...
Geometries in cache: 51
Geometry cache size in bytes: 37704
CGAL Polyhedrons in cache: 0
CGAL cache size in bytes: 0
Compiling design (CSG Products normalization)...
Normalized CSG tree has 240 elements
Compile and preview finished.
Total rendering time: 0 hours, 0 minutes, 5 seconds
